00003
00004
00005
00006
00007
00008
00013
00014
00015
00017
00018
00022
00025
00027
00029
00031
00036
00037
00041
00043
00044
00049
00054
00056
00058
00059
00060
00063
00064
00066
00068
00072
00074
00077
00079
00083
00093
00095
00096
00099
00100
00102
00103
00104
00105
00108
00110
00111
00112
00114
00117
00118
00121
00122
00123
00125
00127
00128
00129
00131
00133
00135
00136
00138
00141
00143
00145
00147
00152
00153
00155
00157
00158
00162
00164
00168
00172
00173
00174
00175
00179
00180
00181
00184
00188
00189
00192
00194
00201
00202
00208
00209
00213
00214
00216
00217
00218
00224
00225
00226
00227
00232
00233
00234
00236
00237
00238
00239
00240
00242
00245
00247
00250
00251
00254
00256
00260
00262
00263
00264
00270
00271
00272
00275
00276
00282
00285
00289
00290
00291
00292
00294
00295
00296
00300
00301
00302
00303
00307
00310
00313
00318
00319
00320
00324
00325
00326
00327
00328
00331
00334
00335
00336
00340
00341
00343
00348
00349
00351
00353
00354
00355
00356
00358
00360
00362
00363
00370
00371
00372
00376
00378
00381
00382
00383
00389
00391
00392
00393
00394
00397
00403
00405
00411
00413
00416
00417
00418
00422
00424
00426
00429
00430
00431
00433
00441
00444
00447
00449
00452
00454
00456
00459
00464
00467
00472
00473
00474
00475
00479
00480
00485
00486
00487
00488
00493
00500
00502
00503
00505
00506
00510
00512
00516
00517
00519
00521
00523
00529
00533
00537
00538
00539
00540
00541
00542
00543
00546
00547
00549
00553
00554
00556
00557
00562
00563
00564
00566
00570
00571
00573
00574
00579
00580
00581
00583
00585
00586
00588
00589
00591
00592
00593
00594
00599
00600
00603
00607
00608
00610
00611
00613
00614
00617
00618
00621
00623
00630
00633
00635
00636
00637
00638
00640
00641
00642
00643
00644
00645
00647
00648
00650
00652
00653
00656
00658
00659
00661
00663
00665
00666
00667
00671
00675
00677
00682
00686
00687
00688
00691
00692
00693
00694
00696
00699
00701
00703
00705
00707
00713
00715
00723
00725
00727
00733
00734
00739
00741
00742
00744
00747
00748
00750
00755
00762
00765
00766
00771
00773
00776
00777
00785
00787
00789
00792
00798
00804
00805
00809
00810
00813
00816
00817
00818
00820
00823
00824
00825
00827
00828
00830
00831
00832
00833
00835
00838
00839
00842
00843
00846
00847
00849
00850
00854
00856
00857
00858
00859
00860
00861
00863
00864
00868
00869
00873
00875
00876
00877
00880
00881
00885
00887
00888
00889
00890
00891
00898
00903
00904
00909
00910
00912
00913
00917
00918
00921
00923
00926
00927
00929
00931
00932
00938
00942
00944
00945
00947
00948
00952
00953
00955
00957
00958
00959
00961
00963
00965
00967
00968
00976
00981
00983
00986
00988
00990
00995
00996
00998
01000
01002
01004
01012
01013
01016
01020
01022
01033
01035
01036
01037
01039
01040
01041
01046
01049
01054
01058
01060
01061
01062
01066
01069
01071
01072
01073
01075
01078
01085
01088
01089
01090
01092
01094
01095
01102
01108
01109
01111
01115
01116
01128
01130
01131
01132
01133
01134
01135
01136
01138
01140
01141
01145
01155
01157
01162
01165
01173
01175
01176
01178
01187
01191
01192
01193
01194
01196
01197
01204
01205
01213
01214
01217
01218
01220
01224
01225
01232
01238
01240
01242
01252
01257
01261
01263
01265
01266
01268
01269
01271
01272
01276
01278
01279
01283
01285
01286
01287
01288
01290
01294
01296
01298
01301
01302
01303
01305
01307
01313
01315
01317
01318
01319
01322
01323
01326
01334
01339
01344
01346
01350
01352
01354
01355
01356
01357
01360
01361
01364
01365
01366
01368
01369
01374
01377
01379
01380
01382
01383
01393
01395
01396
01397
01401
01402
01405
01408
01411
01413
01414
01415
01416
01417
01419
01420
01423
01425
01429
01433
01434
01436
01437
01438
01440
01441
01445
01446
01448
01452
01454
01456
01457
01459
01460
01461
01463
01464
01465
01466
01470
01473
01477
01484
01485
01486
01487
01490
01491
01492
01494
01496
01497
01498
01503
01504
01507
01510
01514
01518
01521
01523
01527
01528
01529
01530
01533
01534
01535
01537
01538
01540
01543
01544
01545
01546
01548
01554
01557
01558
01559
01564
01566
01569
01571
01572
01577
01581
01582
01585
01590
01592
01596
01597
01599
01601
01604
01605
01606
01607
01609
01611
01614
01618
01623
01625
01628
01635
01638
01639
01640
01643
01645
01646
01649
01652
01653
01656
01657
01661
01663
01664
01671
01678
01681
01683
01685
01687
01691
01693
01694
01698
01699
01702
01704
01705
01706
01710
01711
01712
01713
01714
01720
01722
01723
01724
01726
01727
01729
01732
01733
01735
01736
01737
01739
01740
01741
01747
01749
01750
01754
01760
01765
01766
01768
01770
01771
01778
01779
01780
01783
01785
01789
01791
01795
01796
01797
01798
01800
01809
01810
01812
01813
01816
01819
01821
01825
01827
01829
01834
01838
01839
01840
01844
01845
01848
01849
01852
01853
01858
01860
01862
01865
01869
01872
01878
01879
01881
01882
01887
01890
01891
01893
01894
01899
01900
01901
01906
01908
01910
01912
01913
01921
01922
01923
01924
01926
01929
01931
01932
01934
01935
01936
01939
01942
01943
01944
01946
01953
01954
01959
01960
01963
01966
01968
01970
01971
01975
01977
01979
01980
01983
01985
01986
01987
01990
01994
01995
01998
02001
02003
02006
02007
02011
02013
02014
02017
02018
02019
02022
02024
02027
02029
02031
02032
02033
02035
02039
02044
02045
02046
02049
02050
02051
02052
02054
02055
02059
02060
02062
02066
02067
02069
02070
02071
02072
02075
02079
02080
02083
02085
02087
02088
02089
02090
02095
02096
02097
02104
02105
02108
02111
02119
02121
02124
02126
02128
02129
02133
02134
02136
02139
